   1      "ao-r+ah"    1    1.304040   1.634304   3.283610
   2      "ao-r+iy"    1    1.419808   1.906083  26.119495
   3      "ao-r+jh"    1    1.002398   1.000857  19.542515
   4         "t+uw"    6   32.943813  24.531929   7.594285
   5      "ah-w+ah"    1    1.420148   6.861453   0.999926
   6      "ah-w+eh"    1    0.999829   0.999829  39.020794
   7      "ey-w+eh"    1   18.695375   1.592561   1.000000
   8      "ch-ih+k"    2    6.931273   2.812403   2.019304
   9         "t-ah"    8   10.853619   8.379955   9.800249
  10         "t-er"    5    5.997280  10.003625  53.293140
  11       "d-eh+p"    1    4.888465   9.987359  10.029091
  12         "t-uw"    6   78.520927  45.428383  85.561920
  13      "iy-d+ah"    1    0.999956   0.999956   0.999956
  14      "eh-d+iy"    4    9.495829   4.048027  18.501751
  15           "ow"    5   91.413170  65.608063 125.107872
  16           "sp"  350  764.624756
  17       "b-er+d"    9   10.924706   9.241168  14.321698
  18         "aw-n"    2    2.057964  12.972499  67.028831
  19         "aw-t"    3    5.196211   6.887010   6.997687
  20      "m-ey+sh"    2   10.410035  10.826602   1.999816
  21       "g-ih+f"    1    1.001064  16.767595  12.062066
  22         "ay-n"    5   37.583096  76.039017  92.673798
  23         "ay-t"    4   22.731890  13.001836   6.294353
  24         "ay-v"    5    8.285929  14.341710  31.584711
  25         "ay-z"    1    4.906171   1.006075  15.062713
  26      "ae-k+ch"    1    1.006952   1.018143   1.000144
  27       "n-f+ao"    1    2.999386   1.000262   0.999940
  28       "n-f+er"    1    1.015967   0.999971   5.387206
  29      "er-iy+m"    1    4.253857   1.001445   0.999943
  30      "er-iy+n"    1    1.906377   2.629485  15.786091
  31      "y-ah+ng"    6   10.321492   9.043073  14.966922
  32       "m-b+aa"    1    0.999994   0.999998   1.603248
  33       "m-b+ah"    2    1.999759   2.000032   2.958030
  34       "f-g+ae"    1    0.999903   0.999904   2.822345
  35         "l+ae"    1    0.999950   1.396076 102.152344
  36         "l+ah"    1    0.999957   1.015531  26.207752
  37         "l+aw"    2    7.329862   1.999920   1.999801
  38         "l+eh"    2    2.001512   2.129278   1.999925
  39         "l+ih"    2    2.116590   2.203404  88.238205
  40       "d-er+t"    8   16.457996  24.780077  18.752018
  41       "b-ey+s"    1   14.074547   3.911911   0.999851
  42         "l+ow"    1   31.989504   0.999856   0.999856
  43      "aa-t+aa"    2    2.000511   3.999634   1.999925
  44      "aa-t+ah"    1    0.999996   0.999996   0.999996
  45      "ch-ah+w"    1    1.000929   8.032314   1.697866
  46      "aa-t+er"    1    0.999965   0.999965   0.999965
  47         "l-ey"    1   10.862990  14.051125  53.976658
  48         "l-ow"    2    1.999928   2.073468  61.295811
  49       "g-ae+n"    1    4.603263  14.673302   0.999886
  50       "g-ae+t"    1    3.312155   4.680090   0.999932
  51     "ah-dh+er"    1   13.996482   8.999592   1.999658
  52        "k-s+f"    1    1.001045   4.852940  15.298771
  53        "k-s+p"    1    1.574612   7.460149   2.214112
  54        "k-s+t"    1    2.105015  14.528612  68.506943
  55      "ch-iy+v"    1    2.928703   1.046392   1.058121
  56      "jh-ah+n"    1    1.167207   1.230821   1.016351
  57      "jh-ah+t"    1    1.000265   0.999995   1.004423
  58       "g-ah+z"    1    1.000126   0.999983   0.999916
  59      "ih-s+ah"    1    1.239832  12.964499   1.002099
  60       "d-ey+l"    1   13.989005   2.080993   0.999967
  61       "d-ey+r"    1   14.016500   0.999945   0.999890
  62       "d-ey+t"    1    0.999861   0.999861  32.957233
  63      "r-uw+hh"    1   15.413106   2.725544   1.030003
  64        "th-ah"    1    3.995601  14.832633  10.125550
  65       "k-ih+p"    1    2.404002   1.028902  20.223860
  66      "er-ay+z"    1   11.924758  11.954025   0.999993
  67      "l-eh+zh"    2    3.072460   6.695341   3.410508
  68      "g-er+ih"    1    1.008173   1.915172   1.325304
  69      "iy-m+ae"    1    4.720639  36.743607  13.398940
  70      "iy-m+ey"    4   11.495337  52.358059   5.705379
  71        "n-d+z"    1    0.999986   0.999986   1.000469
  72         "d+ae"    2    2.002260   2.002151   2.584136
  73         "d+ao"    6   31.468464   7.421519   7.380885
  74         "d+aw"    1    3.240217   1.017074   1.191500
  75         "d+ay"    6   19.984098   7.732654   9.065027
  76         "d+eh"    1    1.007294   1.002869   1.065688
  77         "d+er"    8   51.477364 101.951385  61.116810
  78         "d+ey"    2    3.521580   3.214399   4.953362
  79         "d+ih"    8   15.203513  11.803708  63.709953
  80      "ah-g+eh"    2    2.001967  33.107338   2.793990
  81      "aa-l+ah"    2    1.999799   1.999802 113.977943
  82       "k-aa+l"    1    1.062697   1.001460  30.959187
  83       "k-aa+m"    1    1.698523   1.104479   7.596576
  84       "k-aa+p"    1    0.999948   0.999948   0.999948
  85       "k-aa+t"    4    8.973107  13.900193   5.107462
  86      "aa-l+ih"    1    0.999789   0.999939  24.610743
  87      "aa-l+iy"    1    1.015830   7.715820  69.326859
  88      "er-l+ih"    1    1.039066   1.065853  37.841316
  89      "uw-t+ao"    1   16.700148   1.023664   1.006192
  90         "d-ah"    1    4.533844   1.019746   1.113178
  91      "uw-t+er"    6   30.248116  28.923048  12.152309
  92         "d-er"    2    2.386977   2.011912   2.153919
  93         "d-iy"   10   45.413895  28.494993 142.280380
  94       "r-uh+k"    1    5.178437   1.001189   1.000000
  95      "ae-t+ah"    1    0.999994   0.999996   0.999995
  96      "ae-t+er"    1    0.999934   1.000325   1.003356
  97       "m-ih+d"    1    1.162425   1.940844  12.687047
  98       "m-ih+n"    1    1.000381   1.089163   3.238256
  99      "l-ey+er"    1    0.999986   0.999986   1.000072
 100       "r-w+er"    1   25.564804  13.066259   1.000218
 101       "l-eh+k"    1    1.005714   5.573149   6.156330
 102      "g-ah+th"    1    2.904237  12.100640   4.860722
 103      "ih-k+iy"   17   83.478058  65.649658  94.586494
 104       "m-aa+d"    1   12.133138   2.856107   6.386626
 105       "m-aa+r"    1    2.223926   1.002884   1.000000
 106       "k-ah+l"    3    8.982171  13.464618  13.578082
 107       "k-ah+m"    5   15.897752  16.524084  17.456207
 108       "k-ah+n"    1    0.999909   0.999909   0.999909
 109       "k-ah+p"    1    3.471593   7.586386   8.432704
 110       "s-b+oy"    1    1.000842   1.001499   0.999988
 111       "l-g+er"    1    0.999999  32.651138   1.007111
 112     "eh-zh+er"    4   58.951851  85.976311  52.092850
 113       "p-uw+d"    1   11.613580   2.385505   0.999934
 114     "ey-zh+ah"    1    8.778134  27.093649  74.113365
 115      "n-ch+er"    1    0.999880   1.014617   5.023932
 116     "ey-zh+ih"    1    7.652800   1.035330   0.999861
 117       "b-y+uw"    1    2.181577   9.785189   1.017736
 118       "t-w+eh"    1    1.006953   1.006731  56.027088
 119       "t-w+ey"    1    1.037254   1.004916   0.999977
 120       "m-ae+n"    1    6.177007   4.685899   0.999924
 121       "n-eh+k"    1   12.000626   4.165865   7.878535
 122       "k-iy+z"    5    7.053781  14.822543  22.082026
 123      "aa-d+ah"    1    3.815565   1.009776   2.619676
 124      "aa-d+iy"    1    1.073305   1.666381   1.194946
 125        "n-s+d"    1    1.000633  10.116821   1.001608
 126      "er-d+iy"    5   14.412299  49.315620  51.094151
 127        "n-s+t"    1    4.212496   8.319237   0.999941
 128        "n-t+r"    1    1.021307   1.024562   0.999908
 129      "ae-l+ah"    1    0.999873   0.999874  51.934406
 130       "m-ah+n"    2    4.595995  11.093572   5.804430
 131       "m-ah+t"    1    1.000117   1.001813   8.616238
 132       "m-ah+z"    1    1.621069   5.544244   7.966874
 133       "k-ao+l"    5    4.999656   5.002007   6.861144
 134      "ah-ng+k"    1    0.999917   5.796392   7.141901
 135       "g-l+ae"    1    0.999858   1.258667   0.999763
 136      "eh-v+ah"    5    9.520065   5.054842   9.108664
 137      "iy-v+iy"    1    6.962701   4.821508   0.999841
 138      "uh-r+ih"    1    1.000014   1.000427  16.464012
 139      "l-hh+eh"    1   22.997965   1.009645   0.999901
 140         "m+aa"    2    2.519860   1.999969   2.000020
 141         "m+eh"    3   10.094728   3.027670   4.925285
 142         "m+ey"    1    3.968847   2.198599   1.090976
 143         "m+ih"    2    4.099123  12.546256   2.393819
 144     "ah-th+ah"    1    3.177449   2.829233   0.999839
 145     "uw-ey+sh"    1   10.642783   3.783278   0.999777
 146      "ah-p+ah"    1    1.043828   1.005535   0.999903
 147      "ao-k+uw"    6    8.730193   7.229942   7.229084
 148      "ah-p+er"    1   12.155920  23.069588  36.558468
 149      "f-er+th"    1    4.677288   1.072704  20.960854
 150         "m-ah"    2    2.003446   2.000188   4.294632
 151       "aw-n+d"    1   21.639105  19.702988  24.970169
 152       "aw-n+t"    1    1.038736   4.993374   1.002044
 153     "ey-ch+er"    3   22.046375  17.524170  92.516434
 154       "l-ey+n"    5   46.578384  34.121437  14.579128
 155       "l-ey+t"    1    8.874840   7.907134   1.000134
 156       "k-aw+n"    1   17.704374   6.276957   0.999911
 157       "s-ih+k"    5   12.386115   9.860990  63.432877
 158       "s-ih+n"    1    3.016330   1.113222  51.067104
 159       "t-uw+t"    1    0.999722   0.999896  38.972061
 160      "m-er+sh"    1    1.847907   1.307289  16.174965
 161      "ih-t+ah"    3    5.170511   3.900536   3.286026
 162      "hh-ih+n"    1   11.970536  13.028761   0.999912
 163      "uw-d+ah"    1    0.999986   0.999882   0.999882
 164       "r-eh+d"    1    0.999903   0.999903   0.999903
 165       "s-k+aa"    1    0.999951   1.003420   0.999940
 166       "s-k+ih"    1    1.048414   1.155301   1.399003
 167      "ae-d+ah"    1    2.653482   2.933696   1.410528
 168      "eh-n+ah"    1    1.831912   0.999986   0.999982
 169      "eh-n+ch"    1    7.000163   1.995992   0.999880
 170      "iy-n+ah"    1   17.671730  18.869707   1.000010
 171      "eh-n+ih"    1    3.550256   1.020882   0.999962
 172       "s-aa+f"    2    6.982782   3.919547  23.746040
 173       "s-aa+l"    1    8.055648   1.110278  12.173012
 174        "d-s+t"    1    1.321073  10.674215   1.489653
 175       "p-er+v"    1   19.270864   1.002816   0.999898
 176     "aa-hh+aa"    1    1.000263   1.000254   0.999924
 177     "aa-hh+ah"    1    2.706147   1.297391   1.000824
 178      "r-ey+ch"    1    0.999897   0.999897  29.316990
 179      "hh-aa+m"    2   21.992424   7.075557   2.321365
 180      "ae-sh+b"    1    0.999901   0.999904  31.284964
 181      "aa-m+aa"    1    1.012776   1.000335   0.999982
 182      "aa-m+ah"    3    9.016922  15.059895   7.912237
 183       "s-ae+d"    1    3.897851  12.102269   0.999878
 184     "uw-hh+aa"    1    1.830822   1.036730   0.999947
 185         "th+r"    5   13.685553  13.929722  97.214249
 186       "s-ah+n"    1    3.058720   4.970322   1.026908
 187         "v+aa"    3    8.509163  28.326534  13.875677
 188         "v+ae"    1    0.999840  27.240141   7.824622
 189      "ih-l+er"    1    0.999981   1.000014 101.998001
 190      "ih-l+ey"    1   14.351353   0.999918   0.999914
 191       "b-oy+z"    1    1.235735   3.002682  23.965649
 192      "ih-l+ih"    1    1.000008   1.000208  40.992943
 193      "hh-ah+l"    1    9.332889   9.455345   1.007488
 194      "hh-ah+m"    1    1.016844   1.000035   3.601450
 195      "hh-ah+y"    1    4.834470   1.087613   2.515383
 196      "ih-l+ow"    1   27.807301   7.475579   1.093664
 197      "ah-y+aa"    3    7.944864   6.750020  13.850530
 198        "zh-ah"    2   12.946917   3.809024   2.013270
 199        "zh-er"    4   10.138527   6.095679  17.097807
 200      "th-r+ay"    1    2.996065   1.942056   1.665900
 201      "th-r+iy"    5   39.763302  31.783052  28.958315
 202      "k-hh+ey"    1    1.001821   1.000046   0.999998
 203       "v-eh+l"    1    0.999772   0.999772   0.999772
 204       "v-eh+n"    1    3.306387   3.570794  10.379849
 205      "v-iy+ah"    1    0.999841   0.999841   0.999841
 206       "t-er+z"    2    2.009493   2.028894  19.254572
 207       "r-ey+d"    1    0.999854   0.999853   0.999853
 208      "uw-m+ah"    1    4.084656  16.411444   2.398307
 209     "ih-dh+ah"    2    1.999981   8.654639  43.162773
 210       "s-t+aa"    2    3.011822   6.981668   1.999880
 211       "s-t+iy"    6    9.326700   6.013434   6.064351
 212       "l-y+ah"    1    1.000026  12.910928   7.639956
 213      "l-er+ey"    1    0.999985   0.999984   1.000075
 214      "l-er+iy"    1    4.913010   1.019614  18.080107
 215       "l-y+uw"    3   11.994471  24.728758   8.059825
 216        "ch+ih"    2    2.001070   7.500358   7.823177
 217        "ch+oy"    1    1.010617   1.000106   1.001881
 218     "ey-sh+ah"    6   18.690319  51.857300  12.335027
 219        "ch-er"    7   19.393076  30.007832  82.820969
 220        "ch-iy"    1    1.960852   2.128310  17.826296
 221         "n+ay"    5    7.981269   5.857346   8.318873
 222       "f-ow+n"    5   68.132210  42.729542  11.270580
 223         "n+eh"    1    0.999957   1.000377  42.996693
 224      "ih-d+ah"    1    0.999991   0.999989   1.000077
 225         "n+iy"    1    0.999979   1.765628   7.234651
 226      "ao-l+dh"    1   14.157060   9.153548   1.000752
 227       "y-aa+m"    1   10.219778   9.827937   1.000050
 228       "y-aa+n"    3    8.588852  46.719597   9.737667
 229       "y-aa+y"    1    2.027335  40.856571   1.000899
 230       "w-ah+l"    1   16.250957   3.093073   1.181822
 231       "w-ah+n"    5   68.954437  58.617542  11.756566
 232       "t-ey+t"    1    0.999948   3.999968   0.999948
 233      "er-v+ae"    1    1.017900   8.616106   1.360995
 234         "n-ah"    4    7.133165   4.276632   7.719901
 235      "hh-aw+t"    1    8.904977  14.087309   1.001241
 236       "n-y+ah"    1    1.000056   1.169024   4.071107
 237       "s-ay+k"    1    0.999954   0.999954  37.007458
 238       "s-ay+l"    1    0.999945   0.999945   1.015072
 239      "ih-sh+m"    1    0.999992  11.009922   3.156467
 240      "ay-k+ah"    1    1.005170   1.176924  13.811656
 241      "n-ih+th"    1    0.999962   0.999964   0.999962
 242       "b-r+ay"    2    2.218905   2.669033  15.950877
 243       "b-r+ih"    3    3.085485   2.999923  10.697560
 244       "w-iy+k"    1    5.668122   1.325770  10.695534
 245       "b-r+uh"    1    1.123014   2.482826  11.181839
 246       "b-r+uw"    1    2.122992   1.121157   1.001639
 247     "hh-aa+hh"    1    1.927303   1.035065  16.035799
 248      "d-ih+jh"    1    1.913484   1.180363   1.001016
 249      "d-ih+ng"    1    0.999981   0.999981   0.999981
 250       "y-ah+b"    1    1.004483   6.197454   4.137908
 251       "y-ah+l"    1    0.999956   0.999906   0.999919
 252       "y-ah+t"    2    2.019381  12.513891  15.275120
 253       "p-y+ah"    2    9.980839   2.014019   1.999996
 254      "uh-k+eh"    1    1.536739   1.274791   1.192937
 255      "n-iy+zh"    1    1.260872   1.373963   1.033734
 256       "p-y+uw"    5   26.249851  34.709930  15.308283
 257      "uh-k+hh"    1    1.075150   2.538293   1.288697
 258         "f+ao"    7   22.239674  83.940788 137.871353
 259         "f+ay"    5   12.274541  45.822426 162.872009
 260         "f+iy"    1    6.026076   0.999967  62.717186
 261         "f+ow"    5    9.915741  22.135956  37.659458
 262      "aa-n+ah"    3   19.889006  23.739998   3.312659
 263      "ay-ah+l"    5    8.272925   9.840099  11.280915
 264      "ay-ah+t"    1    1.081462   1.300943   3.611445
 265         "uh-d"    1    0.999948   0.999948   0.999948
 266      "aw-t+uw"    1    9.857934   5.163175   0.999720
 267         "w+ah"    5    7.787209   6.803636  61.800938
 268         "w+eh"    2    2.000091   2.171561  45.032761
 269         "w+iy"    1    1.016147   9.420959  21.077595
 270         "w+uh"    1    6.988125   0.999991   0.999991
 271      "ah-z+ey"    1    0.999903   0.999903   0.999903
 272       "s-d+ey"    1    4.896297   3.860786  11.975834
 273       "l-ow+n"    1    4.244607   4.844206   0.999920
 274         "w-ey"    1   14.229985  11.811025  17.907743
 275       "z-ey+b"    1    7.100880   6.461185   1.041555
 276     "ah-ch+iy"    1    6.787397   2.904827  12.285684
 277      "w-eh+dh"    3   14.974596  10.078865  47.319057
 278      "ay-t+ah"    2    6.406144   6.253839   1.999958
 279      "ay-t+ih"    1    0.999932   0.999897   0.999898
 280        "sh+ae"    1    0.999970   1.000028   1.272657
 281        "sh+ow"    1    0.999988  14.132131   7.847027
 282          "b+l"    1    1.000052   1.000310   3.710281
 283          "b+r"    7   29.611246  25.413284  14.015634
 284      "m-aa+hh"    1   11.695009   1.053725   3.259797
 285        "sh-ow"    1   16.688051  13.564043  53.050838
 286      "l-dh+ow"    1    0.999977   1.000007  29.017544
 287          "d-z"    2    4.582836   2.005814  39.529903
 288        "ow-er"    1    1.001788   1.023157   8.077227
 289          "g+l"    1    0.999858  13.587286   1.011855
 290      "d-ae+sh"    1    1.003453   0.999911  18.430595
 291         "uw-b"    1    1.192567   0.999927   0.999913
 292         "uw-m"    1    1.004515   1.000920   0.999884
 293         "uw-t"    1   13.070956   1.875859   1.000235
 294         "uw-z"    6   29.087811  51.682243  31.492727
 295      "ey-r+iy"    1    1.014491   1.014366   3.953212
 296          "k+r"    8   53.613544  41.087364  27.333542
 297          "k+w"    1    2.054761   1.628031   2.932309
 298          "k+y"    4    5.969095   7.834976  15.536828
 299          "k-s"    6   10.844127  93.694611 118.756012
 300      "ay-l+ah"    1    0.999947   0.999949  38.968269
 301          "l-p"    2    6.366645   3.567302  17.186357
 302          "l-t"    1    0.999999   0.999998   0.999998
 303          "l-z"    3    4.149657   3.012079  28.347614
 304      "sh-b+ao"    1    1.712279   1.000093   1.000058
 305          "m+y"    1    6.472610  23.643251   7.756984
 306          "m-z"    1    6.088380   1.024962  12.833081
 307          "n-d"    3   10.676834   4.189476   5.685695
 308          "n-s"    1    4.019527   5.968290   1.025131
 309          "n-t"    3   20.600306   3.001103   7.227151
 310      "ih-v+eh"    1    0.999772   0.999772   0.999772
 311     "ih-jh+ah"    2    2.000405  29.980743  30.785042
 312          "p+l"    2   14.558378  46.280499  79.894829
 313          "p+r"    1    1.073904   4.160144  54.516098
 314          "p+y"    2    2.029116   5.578717 134.987381
 315       "l-r+ay"    1    1.025298   1.009483  11.652371
 316       "uw-m+y"    1    1.000136   1.000133   1.002381
 317        "ih+sh"    1    3.256055   3.330879   5.356975
 318         "eh+r"    2    5.640598   2.119235   8.359582
 319         "eh-d"    2    2.000069   2.031162   2.854566
 320         "eh-l"    1    5.060743  12.956442   6.908281
 321         "eh-r"    1   26.987549   1.063378  10.074021
 322         "eh-t"    1    0.999832   1.000468   0.999832
 323      "aw-d+er"    2    1.999762   1.999761   2.554077
 324        "m-p+l"    2    7.933383   2.000154   1.999987
 325        "m-p+y"    5    7.475520  14.950632  61.114021
 326          "r-d"    1    1.005296   1.448825   1.004096
 327          "r-t"    1   11.850552   2.095511   9.595258
 328      "eh-p+th"    1    3.927505   1.054174   1.014595
 329       "r-ow+b"    1   17.498116   5.800946   0.999915
 330        "ih-ng"    5   36.389946  46.409691  24.797615
 331      "uh-l+hh"    1    0.999911   0.999911   4.236418
 332          "s+k"    2    7.181125  13.934149   4.068515
 333          "s+t"    8   35.616741  78.227814  29.903851
 334          "s-t"    3    3.354641   3.220530   3.185666
 335        "ih-sh"    1    0.999991  18.568350   3.964553
 336        "ih-th"    1    1.028127   8.849190  19.465233
 337         "g+ae"    1    1.079690  18.945766   5.990173
 338         "g+ah"    1    0.999935   0.999932   0.999942
 339         "g+er"    5   40.398190  45.429783  29.032827
 340         "g+ey"    1    1.092275   1.365773   1.003700
 341         "g+ih"    1    0.999833   3.360735   1.063371
 342          "sil"  108  450.534790 764.624756 228.060501
 343       "b-ih+k"    1    1.053519   1.281233  13.779504
 344       "b-ih+l"    1    1.001121   1.012686  10.653390
 345         "g-er"    5   16.914085  20.796686  23.307709
 346       "b-ih+t"    1    1.048353   1.231197  14.662508
 347        "iy-ah"    3    8.000337  14.998800   5.262138
 348       "m-n+iy"    1    1.001822   1.020828   0.999996
 349      "ih-n+ah"    1    0.999912   0.999912   0.999912
 350      "ih-n+ey"    2    1.999916   2.027253   2.000032
 351      "ih-n+iy"    1    1.000881  17.927650  67.978592
 352       "b-aa+d"    1    1.126322   0.999907  18.046473
 353       "b-aa+k"    1    1.356866   1.006514  20.198223
 354       "b-aa+l"    1    0.999790   0.999789   0.999789
 355         "er-d"    6   10.320554  43.628666  57.500477
 356         "er-t"    8    8.984057  12.524021 149.889511
 357         "er-z"    2    7.426066   2.007958  28.783960
 358      "ih-n+th"    1   16.148790   2.712209   1.086090
 359       "d-ih+k"    3   17.025776  17.777908  10.202413
 360       "d-ih+l"    1    0.999990   0.999990   0.999994
 361       "d-ih+n"    2    2.001907   2.002999   1.999941
 362       "d-ih+v"    1    0.999772   0.999772   0.999772
 363       "p-r+iy"    1    7.701409   1.269836  16.034756
 364       "b-ae+k"    1    2.185680  30.929771   2.997849
 365       "b-ae+t"    1    1.613684  15.208004   0.999994
 366      "ah-b+aa"    1    6.382724   0.999885   0.999779
 367      "ah-b+ah"    1    1.000193   0.999873   0.999869
 368      "ah-b+aw"    4    6.140857   5.522889  12.441755
 369      "ah-b+ey"    1    1.000145   1.923232   3.076042
 370      "ey-b+ow"    1    1.247098   1.134348  17.012039
 371     "er-zh+ah"    1    1.008385   8.567008   0.999869
 372      "b-iy+ch"    1    1.003516   1.425174  12.003240
 373       "d-aa+m"    1    1.000462   1.017065   2.323545
 374         "ey+t"    5   60.434319  70.238541 186.780106
 375       "b-ah+l"    3    3.205114   4.543639   8.075573
 376       "b-ah+n"    1    0.999921   0.999919   1.000219
 377       "b-ah+s"    1    1.428007  10.737112   2.269373
 378         "ey-d"    2    2.001960   1.999772   2.029830
 379         "ey-l"    3   20.224831  27.574116 119.595474
 380         "ey-n"    5   13.633817  40.105606  44.584358
 381         "ey-s"    1    2.311373  11.491568   3.532245
 382         "ey-t"    6   13.281295  26.126953   7.203801
 383       "k-w+ay"    1   13.610271   1.000052   0.999852
 384       "d-ae+n"    1    1.095815   1.000227   1.000019
 385      "sh-ae+m"    1   14.999255   1.371625   2.087521
 386       "b-iy+t"    1    1.007550   1.031198   6.613680
 387         "p+uw"    1    2.120294   1.000478   0.999935
 388         "p-er"    1    1.003512   0.999731   0.999732
 389       "d-ah+l"    5   13.045602  23.417715  14.224315
 390       "b-ao+r"    1    0.999903   0.999915   0.999919
 391      "sh-ah+l"    1    3.085469   1.015121   1.028402
 392      "sh-ah+n"    7   23.841288  19.992765  17.393057
 393         "p-th"    1    1.009724  14.140121   2.818300
 394       "t-r+ih"    1    2.479478   1.486352  12.982933
 395       "t-r+iy"    1    3.933659   1.047843   1.014237
 396      "jh-eh+s"    1    4.938106   1.362246   4.731555
 397      "n-ey+ch"    2    1.999902   1.999902  36.024765
 398       "g-eh+n"    1    0.999901   0.999923   1.000238
 399      "n-ey+sh"    1   11.194679   2.964107   0.999922
 400      "zh-ah+n"    1    8.583323   2.045218   1.232509
 401        "uw+ch"    6   11.832719   8.700940  50.165123
 402      "ae-g+ah"    1    0.999852   0.999857  12.122822
 403      "er-ey+d"    1   10.090793   8.025109  36.024582
 404       "d-ao+k"    6   15.095331  72.714050  20.260107
 405        "uw-ch"    6  106.045387  34.413914  73.846237
 406       "b-aw+n"    1   15.717070   3.969208   0.999948
 407       "b-aw+t"    3   67.410416  57.344101 156.051285
 408      "ch-er+d"    1    2.308314   3.447311   1.192602
 409       "k-uw+z"    6    8.540359  12.333294   9.816839
 410      "ah-k+aw"    1    3.698548   4.673453   3.598809
 411      "aa-p+iy"    1    0.999955   1.000412  34.997612
 412       "f-iy+m"    1    6.166266   1.085582   0.999851
 413      "p-ah+ng"    1    4.012415   1.361683   2.633004
 414       "f-ao+r"    9   22.157040  12.250910  12.286422
 415       "b-l+ey"    1    7.413768   0.999957   0.999950
 416       "d-aw+n"    1   20.182888   9.658341   0.999886
 417       "l-ih+s"    1    4.006030   3.483067  14.244442
 418       "l-ih+t"    1    3.139345   7.802431  19.055641
 419         "y+aa"    1    2.198354   6.828313   0.999976
 420         "y+ah"    6   24.216089  22.746054  20.612072
 421       "f-t+er"    2   10.211412   7.054435   1.999792
 422         "y+eh"    4   20.189772  14.059363   8.572529
 423        "f-t+w"    1    1.037868   1.007787   1.000864
 424       "s-f+ao"    1    2.311216   1.008830  15.999980
 425       "k-eh+n"    5   16.420540  32.411240  41.479008
 426         "y-ah"    2    2.003999  14.121986   2.225167
 427        "s-p+l"    1    1.127758   0.999911   1.000463
 428         "y-uw"    1   14.308014   1.677927   1.042805
 429       "ey-l+z"    1    9.478415   8.447403   0.999982
 430       "ao-l+r"    1    9.894709   1.004066   0.999987
 431       "ao-l+t"    9   34.701321  81.363724  17.985052
 432       "g-ey+t"    1   11.507803   8.061991   1.006487
 433        "s-t+r"    1    5.372591   1.137813   0.999983
 434      "w-ay+ah"    1    1.686184  10.309455   0.999847
 435      "hh-uh+d"    1   15.821980  14.125126  55.995987
 436      "uw-p+ah"    1    1.001740   1.003572   0.999920
 437     "ay-jh+eh"    1   11.794948   1.000000   4.138400
 438      "uw-p+er"    1   14.196727  15.610254  74.770927
 439       "f-ay+v"    5   56.556751  32.103878  57.641014
 440       "l-ae+d"    1    0.999863   1.001587  74.980263
 441       "l-ae+n"    1   18.982056   9.088045   0.999967
 442       "m-eh+t"    1    3.001313   1.352733  19.626152
 443       "b-d+aa"    1    6.628262   1.000502   0.999950
 444       "ae-b+d"    1    1.000687   1.029707   1.000880
 445       "ao-r+d"    1    1.002808   1.027319   6.253520
 446       "ao-r+m"    1    0.999947   1.000677   5.999010
 447       "ao-r+w"    1    1.340308   2.412416   1.360522
 448       "ey-t+w"    1    5.841560   5.127476   0.999989
 449       "n-aa+k"    1   23.220158  25.764782   1.046359
 450       "l-ah+n"    2   25.387568  47.779625   2.622518
 451       "l-ah+p"    1   17.493723  22.569429   3.181607
 452       "l-ah+s"    1    9.466311  10.942644  28.232336
 453       "l-ah+t"    2   26.368536  17.553570   8.383404
 454       "l-ah+v"    1    3.433688   0.999953   1.006938
 455       "l-ah+w"    1    1.008569   0.999875   0.999913
 456       "k-er+l"    1    1.427928   1.037763   1.185380
 457       "ae-d+v"    1    4.035163   1.001194   1.000374
 458       "ae-d+w"    1    5.088701   0.999876   0.999776
 459      "ah-t+ah"    2    2.235702   2.179475   2.526024
 460      "ah-t+ey"    2    6.811943   6.380446   1.999877
 461      "ey-t+ah"    2    2.232368  27.871115   2.000329
 462     "er-sh+ah"    1    0.999903   6.243078   2.771636
 463      "ah-t+ih"    1    3.974202   1.000213   0.999911
 464      "aa-y+aa"    1    0.999965   0.999965   0.999965
 465      "aa-y+ah"    1    2.785744   0.999979   0.999993
 466       "ae-f+g"    1    1.039266  14.966672   9.905493
 467      "v-er+zh"    1    1.001475   1.004498  10.113901
 468      "t-ey+sh"    1   10.001147   4.999222   0.999930
 469       "n-ah+l"    2    2.042649   7.640244   2.010552
 470       "n-ah+y"    1    0.999912   0.999912   0.999912
 471       "w-uh+d"    1    4.010006   1.989089   0.999980
 472       "ae-k+y"    1    1.029198   1.052768  10.377773
 473        "eh-sh"    9  100.753593  80.173660  80.672523
 474       "r-ih+b"    1   12.791788   2.374981   7.108227
 475       "r-ih+k"    3    6.608531  18.386196  10.081427
 476       "r-ih+t"    1    1.000083   1.058241   6.250859
 477       "ae-l+g"    1    6.501599   3.476126   0.999999
 478       "ae-l+y"    2    1.999664   1.999665   3.137130
 479       "s-uw+p"    1   27.808584   4.133265   1.008720
 480       "l-t+ah"    9    9.482696   9.920762  50.015743
 481       "ae-m+n"    1    1.106863  14.734436   5.949416
 482       "ae-m+p"    3   10.990262  10.668542   9.389159
 483      "iy-r+ay"    1    9.199064   2.463666   4.023955
 484       "ae-n+f"    1    0.999976   1.088313   1.000005
 485       "ae-n+s"    1   10.260588   1.821443   0.999967
 486      "eh-r+ow"    1    0.999979   1.000398   1.184945
 487      "iy-r+ow"    5    6.060909  11.108689  43.580936
 488       "n-iy+d"    1    3.097175   1.028791  23.873655
 489       "n-iy+k"    1    2.400571   1.654115  24.675810
 490         "ow-m"    1    4.860837  14.964636  24.168394
 491         "ow-n"    6   10.416485  24.167170  95.577774
 492        "ey+zh"    1   12.631870   1.762254   0.999981
 493      "ah-l+ah"    1    0.999904   0.999909  51.689220
 494      "ah-l+eh"    1    3.938825   1.024857   1.000000
 495      "ah-l+er"    1   20.017601   0.999985   0.999984
 496       "p-ah+l"    1    5.468996   1.875015   1.026400
 497      "ah-l+ih"    1    0.999952   0.999952   0.999952
 498      "ah-l+ow"    2   22.162546  10.162153   1.999887
 499       "m-ey+d"    1    8.056196  15.910757   8.006649
 500       "m-ey+l"    3   34.312618   6.737183   6.734420
 501       "m-ey+w"    1   11.363003   1.000973   0.999999
 502        "ey-er"    1    0.999992   0.999986   0.999986
 503       "y-uh+r"    1    1.056539   1.000000   1.000000
 504       "l-aw+d"    2   33.972755  61.419289 101.520889
 505         "oy-n"    1    9.511608   7.687134   4.913309
 506         "oy-s"    1    6.233632  10.931235   1.028558
 507         "oy-z"    1    3.875902   1.479469  14.528093
 508        "ey-zh"    1    2.784276  12.005383  36.903698
 509       "t-ih+l"    1    0.999982   0.999982   1.000173
 510       "t-ih+r"    1    1.030096   0.999901   0.999895
 511       "t-ih+v"    1    2.967911   1.011447   1.023221
 512       "n-t+aw"    1    7.080864   3.921023   4.278464
 513      "b-eh+sh"    9   11.708370   9.470898  27.498749
 514      "y-uw+ey"    1    6.202912   1.008830   0.999807
 515     "er-ih+dh"    1    1.000394   1.100153   3.408701
 516       "s-eh+k"    5   25.297672   6.928639   8.022373
 517       "s-eh+v"    5   15.700263  25.612389  50.873055
 518       "p-iy+r"    1   10.854615   1.115477  13.037260
 519         "z+iy"    5   15.833005   9.189679   7.253384
 520      "hh-eh+d"    2    7.987558   2.548141  50.721157
 521      "hh-eh+l"    4   24.325769   6.995843  33.102333
 522     "th-iy+ah"    1    5.955073   1.009510   8.034423
 523       "t-aa+n"    1    4.009664  20.999163   1.001302
 524       "t-aa+p"    1    0.999884   1.000553  26.363111
 525       "t-aa+r"    1    0.999999   1.001534  29.459869
 526       "t-aa+y"    1    1.019863  11.910426   1.000339
 527       "r-ah+m"    2    2.003588   9.886300   2.117375
 528       "n-ay+n"    5   47.289028  23.612539   9.709593
 529      "b-ey+zh"    2   29.681087   9.164175   1.999721
 530      "sh-m+ey"    1    4.294164   6.594852   0.999957
 531       "r-iy+m"    3    3.223165   3.573183   3.296140
 532       "r-iy+v"    1    0.999955   1.032954   1.171726
 533     "aa-ch+iy"    1    3.383323   7.977008   5.052678
 534      "ey-d+ah"    1    0.999853   0.999856   0.999866
 535       "oy-l+z"    1   21.837730   6.011914   0.999974
 536        "hh+aa"    2    7.037955  24.420532   1.999968
 537        "hh+ah"    2    4.673798   2.044917  20.269476
 538        "hh+aw"    1    1.377467   0.999730   0.999730
 539        "hh+eh"    4    9.147502   4.694049  48.953663
 540        "hh+ih"    1    1.000118  19.978998   0.999912
 541        "hh+ow"    1    1.019897  13.999715  20.979639
 542        "hh+uh"    1   12.010376   4.044986   0.999907
 543        "hh+uw"    1   13.808194  31.823917  56.061459
 544       "v-aa+k"    1    1.000231   1.000994  10.002607
 545       "v-aa+l"    3   13.288568   3.234402  35.994267
 546       "t-ah+b"    1    1.090523   3.097114   5.919641
 547       "t-ah+g"    1    3.167425   1.000276   1.016547
 548       "t-ah+l"    6    8.677235  20.057873  15.825678
 549       "t-ah+n"    4    6.718840   5.090145   8.274977
 550       "t-ah+s"    1    3.834631   5.055716   8.563697
 551       "t-ah+y"    1    0.999996   0.999996   0.999996
 552      "n-ah+dh"    1    4.099824  14.864360   7.036198
 553        "l-p+l"    1    0.999963   0.999963   8.203915
 554     "iy-aa+ch"    1    1.001451  10.803054   1.000036
 555        "hh-aa"    1    3.009404   1.000303  16.369467
 556       "ah-k+y"    1    1.424888   1.853446   2.028745
 557        "hh-uw"    1    0.999986   0.999986   1.056394
 558       "y-uw+b"    2    8.644744   4.950207  45.803562
 559       "y-uw+m"    3   15.446946   4.998444   2.999708
 560       "y-uw+p"    1    5.717437   1.928747   1.000470
 561       "y-uw+t"    6   10.226233  15.604287  14.091187
 562       "y-uw+z"    1    1.016057   1.121303  35.858829
 563       "ah-l+z"    1    0.999833   0.999833  26.996317
 564       "r-t+ih"    1    0.999982   0.999982   0.999982
 565       "ah-m+b"    2    2.008412   2.123477  20.166613
 566       "ah-m+p"    4    7.014667  11.252106  17.750105
 567       "ah-m+z"    1    1.038104  13.822414  14.711652
 568       "k-y+uh"    1    1.772069   1.136356   1.038829
 569       "k-y+uw"    5    9.028414  17.950373   9.804707
 570         "r+ay"    1    0.999895   0.999895   0.999896
 571         "r+eh"    1    1.000726   0.999906   0.999903
 572       "v-ae+l"    2    2.002688   2.000127  53.763561
 573         "r+ih"    1    7.916605   1.020389   1.001128
 574       "w-eh+l"    1    9.615699   5.685418   7.674756
 575       "w-eh+r"    1   13.975369   1.013931   1.007126
 576       "w-eh+t"    1    4.954241   1.001346   1.655428
 577       "ah-n+d"    1    3.848968  13.298708  14.620628
 578       "ah-n+s"    1    7.777142  20.114510  41.884895
 579       "ah-n+t"    4   21.036171  18.408096  55.321819
 580       "t-iy+v"    6   11.988590   7.952585   9.690475
 581         "r-iy"    5   20.207924  19.923267  59.572041
 582         "r-jh"    1    2.470026   1.689263   2.242828
 583         "r-ow"    5   47.714382  55.843548  99.402939
 584       "v-ah+n"    6   10.989126  32.897694  23.709702
 585       "t-ao+r"    1    0.999696   0.999699   0.999842
 586       "p-l+ah"    1    0.999943   0.999978  13.151772
 587       "p-l+ey"    6   46.849491  13.656936  12.321472
 588      "k-ch+ah"    1    0.999925   1.000031   0.999932
 589      "k-ch+er"    1    1.996226   1.010534   0.999971
 590       "eh-d+z"    1    1.005229   1.085587   6.937581
 591       "z-ih+k"    1    0.999992   0.999988   0.999988
 592      "hh-ey+v"    1    1.000004   0.999989   0.999989
 593       "ah-s+b"    1    3.100265   6.470235   1.188914
 594      "d-ay+ah"    5   69.425858  23.090528   7.537556
 595       "m-y+ah"    1    0.999907   0.999928   0.999924
 596      "d-ay+jh"    1    1.000000   1.081783   0.999974
 597       "r-ay+t"    7   83.573669  78.553696 174.928299
 598      "ch-oy+s"    1   24.240730  12.785894  25.998682
 599       "m-y+uw"    1    2.168963  13.912256   1.050076
 600       "y-eh+d"    4    4.192290   4.270328  18.996328
 601      "ng-k+ch"    1    1.004037   1.012937   2.036110
 602       "n-d+ih"    1    0.999981   0.999981   0.999981
 603       "w-er+d"    1    1.980181   1.002273   1.050488
 604       "t-aw+n"    1   10.388639   8.373536   0.999889
 605       "eh-k+s"    1    8.799567   1.240078   1.004663
 606     "zh-ih+ng"    1    1.637902   1.029332   6.328119
 607       "d-v+eh"    1    1.027720  13.619557   1.066959
 608      "l-ow+er"    1    3.911816   1.069225   0.999862
 609       "eh-l+m"    1    3.685572   1.021333   0.999950
 610       "eh-l+p"    3   14.787616  20.019775   7.992887
 611       "eh-l+t"    1    5.179338  22.690313  19.795704
 612      "ah-m+ah"    1    1.023505   0.999917   0.999958
 613      "ah-m+er"    1    1.002191   1.003448   8.104259
 614      "aa-r+iy"    1    1.000000   1.000000   1.000000
 615      "aa-r+th"    1   42.177670   1.003361   1.000444
 616      "uw-z+ih"    1    0.999989   0.999988   1.015398
 617       "eh-n+d"    3   22.160742  25.101860  34.000492
 618       "eh-n+s"    1    1.292339   1.000582   0.999851
 619       "eh-n+y"    1    1.117173   0.999890   0.999884
 620      "t-er+ay"    1    1.001068   1.000279   1.072130
 621      "t-er+ey"    1    1.000708   1.001464   3.888496
 622      "t-er+iy"    1    0.999965   0.999965   0.999966
 623       "ih-b+y"    1    3.197560   1.577378   1.718125
 624       "eh-r+p"    1    1.000820   1.005511   6.022712
 625       "eh-s+t"    1    5.237888  10.633480  52.081234
 626     "ah-hh+eh"    1    0.999922   0.999921  34.009804
 627       "ih-f+t"    1   16.005829   0.999941   0.999829
 628       "l-m+ah"    1    1.000169   1.476473   1.000612
 629       "z-iy+r"    5   13.055869  12.525526  15.003099
 630      "iy-k+ah"    1    2.719691   1.006487   1.000819
 631      "eh-k+iy"    5   34.359318  19.406715  11.468351
 632      "iy-k+eh"    1    1.225646   1.084838   1.008571
 633      "eh-k+sh"    1    2.398474   1.449257   2.939854
 634      "ow-b+ih"    1    0.999915   1.000349   1.251259
 635         "b+aa"    1    1.966795   1.989462   1.956955
 636         "b+ae"    2    2.186971   2.183628   4.063655
 637         "b+ah"    1    1.019020   1.726806   1.840557
 638         "b+eh"   11  180.067764  28.523058  28.090771
 639         "b+er"   20  219.750977  83.790527  61.916576
 640         "b+ey"    2   11.784959   2.311564   4.844634
 641         "b+ih"    2    2.000067   2.154902   2.878628
 642         "b+iy"    2   21.213369   7.197913   2.876019
 643         "b+uh"    2    3.617560   3.028621   2.882313
 644         "b+uw"    1    5.348767   3.686630   1.017888
 645      "l-ih+jh"    1    4.217481   2.107057   1.445428
 646      "l-ih+ng"    2    8.878148  17.675642   2.844445
 647      "l-ih+sh"    1    2.599295  45.063946   4.324864
 648       "ih-k+s"    6   10.345510   7.141535   7.984209
 649       "k-oy+l"    1   37.797283   2.975409   9.173874
 650       "k-oy+n"    1   29.085190   2.003606  22.861496
 651     "eh-dh+er"    4   52.004829  38.508774 183.644516
 652         "b-ah"    1    1.078192  13.164571   3.805202
 653         "b-er"   11  215.147400  75.887749  95.900627
 654        "er-th"    1    4.131158  17.769308  31.992397
 655         "b-ow"    1   15.021661  10.026916  26.945581
 656       "ih-n+f"    1    5.413350   2.011524   0.999930
 657       "aa-f+t"    2   11.990454   2.048182   3.034841
 658         "s+aa"    3   14.047234  21.417459   7.542105
 659         "s+ae"    1    4.656878  10.302549   1.035303
 660         "s+ay"    2    2.999066   2.197963   9.803797
 661      "k-sh+ah"    1    1.020698  11.459579   1.997211
 662         "s+eh"   10   38.344658  75.221642  13.313568
 663         "s+ih"    6   21.751751  58.672546  10.355562
 664      "l-iy+ah"    1    0.999872   0.999872   0.999872
 665         "s+uw"    1    6.302432   4.783175   2.608642
 666      "iy-ah+l"    1    1.099964   1.181762   1.010927
 667      "iy-ah+s"    1    0.999841   0.999841   0.999841
 668      "ah-v+aa"    1    1.005534   1.038964   1.000428
 669      "ah-v+er"    1    8.379025   5.070974   0.999907
 670      "ey-v+ah"    1    0.999985   0.999985   0.999985
 671        "ah+ch"    1    6.666336   1.411396   1.114533
 672        "ah+hh"    1    0.999934   0.999922   0.999922
 673       "b-uh+k"    1   10.085033   2.042860   0.999997
 674       "b-uh+l"    1    0.999912   0.999912  28.750879
 675      "g-eh+dh"    1    3.036165   7.920016   8.351073
 676       "aa-k+s"    2    2.351756   3.952552  56.978004
 677        "ah-ng"    6   76.231186  82.291580  95.329918
 678       "aa-l+y"    2    5.712883   2.001871  50.043110
 679       "aa-m+b"    1    1.013614   1.001927   7.042029
 680        "r-p+l"    1    2.962450   9.937763   3.580199
 681         "ih+k"   10   40.865597  36.131271  20.222904
 682         "ih+l"    1    1.674666   1.146643   1.000060
 683         "ih+n"    1    3.159012   1.521158   6.875625
 684         "ih-k"    2    3.731790   2.036499   3.329402
 685         "ih-p"    1    1.294566   1.041543  54.458328
 686         "ih-v"    1    8.523258   8.752418   9.721464
 687      "eh-t+ah"    1    4.110234   2.905104   0.999876
 688      "iy-t+ah"    1    1.000885   1.147386   1.000229
 689       "aa-r+t"    2    2.000266   1.999960   2.000161
 690       "r-m+ey"    1    1.002308  14.869520   1.058928
 691       "k-r+ah"    1    1.548616   1.446844   5.170197
 692       "k-r+ay"    1    1.004447   0.999909   0.999909
 693       "k-r+ey"    2    2.740221   2.174503   4.025312
 694       "k-r+ih"    1    0.999980   0.999980   0.999980
 695       "k-r+iy"    3    4.030751   6.832024  15.052989
 696       "d-w+eh"    1   18.901894   9.001441   0.999761
 697         "k+aa"    6   26.126991  54.909897   7.757184
 698         "k+ah"    8   18.397631  10.465417  13.034975
 699         "k+ao"    5   18.548504   6.387015   5.761399
 700         "k+eh"    3    3.792090   4.473145  11.088483
 701         "k+er"    1    1.012838   1.071267   3.242295
 702         "k+oy"    2    2.006331   2.023436   3.884123
 703      "ah-n+aa"    1    0.999923  16.109203   0.999904
 704      "ah-n+ah"    2    4.067349  26.632559   3.905087
 705      "ah-n+ey"    1    8.965188   1.038341   0.999922
 706     "iy-zh+ah"    1    1.393022  22.967005  38.150227
 707      "n-th+iy"    1    1.028141   1.821922  32.007057
 708         "k-ah"    1    1.097521   1.140702   5.916289
 709         "k-iy"   17   29.322760  44.832264 248.032730
 710         "aa+l"    1    0.999898   0.999875   0.999874
 711         "aa+r"    2    4.138940   1.999972  19.242594
 712         "aa-l"    1    1.005438   8.997976   0.999927
 713         "aa-n"    1    5.085081  32.658035   0.999948
 714         "aa-p"    1    1.935347   1.606585  75.082542
 715       "b-uw+t"    1   17.462152   4.483861   0.999931
 716         "ae+b"    2   34.881466  13.822043   4.998778
 717         "ae+d"    1    1.064116   1.000471  45.250835
 718         "ae+f"    1    1.893634   1.004662   0.999903
 719         "ae+g"    1    0.999851   0.999851  41.992638
 720         "ae+k"    2    2.079674   6.625180  33.425949
 721         "ae+l"    2    5.000007  16.022659   2.013792
 722         "ae+m"    3   13.446538  13.999707  43.609180
 723         "ae-k"    1    1.115886   1.088626  13.142559
 724         "ae-n"    2   16.780943  11.673922  78.707932
 725      "ih-r+iy"    1    0.999901   0.999899   0.999895
 726      "uw-b+ah"    1    0.999928   0.999928   1.947391
 727     "er-ey+sh"    1    8.934799   3.044715   0.999984
 728      "r-ih+dh"    1    0.999966   1.021398   8.978419
 729      "ae-b+ah"    1    0.999959   0.999959   0.999959
 730      "r-ih+ng"    1    1.082189   1.088477   5.294199
 731         "ah+b"    5   16.633497   6.983659  26.784096
 732         "ah+g"    1    5.197652   1.045434   1.011738
 733         "ah+k"    2   36.191414   2.387029  11.239229
 734         "ah+n"    2    2.136258   2.053611   2.079106
 735         "ah+p"    1    1.110847  11.164628  11.520010
 736         "ah+v"    1    1.000743   1.317617   1.097012
 737         "ah-l"   23  146.806458 196.417984 480.788269
 738         "ah-m"    1    1.004665   1.592230   6.333894
 739         "ah-n"   23  127.033585 216.369583 657.142944
 740         "ah-p"    1    5.576040   4.730899  54.255695
 741         "ah-s"    3    5.999625  32.016563  53.059246
 742         "ah-t"    2   13.185860   2.081966   2.025999
 743         "ah-z"    1    4.951121   1.463403  17.467373
 744      "eh-l+ah"    1    0.999772   0.999771  37.988625
 745      "hh-ow+m"    1    0.999908   0.999908  27.048622
 746      "dh-ah+m"    2   12.880021  17.553432   2.231422
 747     "iy-ch+er"    3    9.035931  20.672068  17.291473
 748        "dh-er"    5   13.222941   6.149399   7.047524
 749        "dh-ow"    1    0.999982   0.999982   6.979834
 750      "aa-k+ah"    1    8.181288   7.590467   1.424736
 751         "iy+m"    1    1.985733   1.013922   0.999910
 752       "b-eh+l"    1    1.071093   1.114274  16.149328
 753       "b-eh+n"    1    1.090484   2.251420  11.356365
 754         "iy-m"    1    0.999983   0.999983   0.999983
 755         "iy-v"    7  103.383980  86.402740  91.116920
 756         "iy-z"    5   25.083385  59.995235  54.192795
 757       "r-th+r"    1    9.135810  20.291910  41.578369
 758      "r-iy+aa"    1    1.000000   1.000000   1.000024
 759      "r-iy+ah"    2    1.999618   2.000293   2.412582
 760      "r-iy+ch"    2    4.646960   2.692626  23.733257
 761         "ao+l"   11  145.879700  88.562767  72.787918
 762         "ao-l"    5  113.923386  58.483986  82.710678
 763         "ao-r"    5    6.579675   7.445544  20.612757
 764       "uh-d+s"    1    0.999980   0.999968   1.000121
 765      "m-eh+zh"    2    6.053455   2.337880   2.467235
