   1      "ao-r+ah"    1    1.439668  14.010447   1.262368
   2      "ao-r+iy"    1    1.008184   4.774670   4.629786
   3      "ao-r+jh"    1    0.999990   1.000008   1.000379
   4         "t+uw"    6   37.869175  31.765715  10.119416
   5      "ah-w+ah"    1    1.000038   1.076095   0.999972
   6      "ah-w+eh"    1    1.341700  17.941854   0.999941
   7      "ey-w+eh"    1    1.000118   5.008411   3.993645
   8         "t-er"    5   46.585094  35.263874  17.235966
   9       "d-eh+p"    1    1.000403  11.248576   7.768228
  10         "t-uw"    6   86.076187  39.927212  53.756199
  11      "iy-d+ah"    1    1.000023   1.916291   2.067023
  12           "ow"    5  118.971870  50.960609  39.171127
  13           "sp"  245  5793.922363
  14         "aw-n"    2    2.705922   9.291803  14.087496
  15         "aw-t"    3   16.723387  14.719982  30.285368
  16      "m-ey+sh"    2    2.858875  16.105854   9.363798
  17       "g-ih+f"    1   11.326543   3.295232   4.894397
  18         "ay-n"    5   44.214993  58.397648  13.160040
  19         "ay-t"    4   28.335960  20.672297  14.921452
  20         "ay-v"    5   15.124339  53.000488  52.780258
  21         "ay-z"    1    6.269414  10.614806   8.441202
  22      "ae-k+ch"    1    1.280937   1.000537   1.000055
  23       "n-f+ao"    1    1.021679   5.290198   0.999824
  24       "n-f+er"    1    8.150918   5.752258  15.358727
  25      "er-iy+m"    1    0.999837   0.999880   1.008084
  26      "y-ah+ng"    6   83.614891  92.007629  56.274857
  27       "m-b+aa"    1    0.999996   1.000025   2.523562
  28       "m-b+ah"    2    2.002961   3.486418   3.461281
  29       "f-g+ae"    1    2.000032   2.998320   1.002697
  30         "l+ae"    1    1.005016  12.960556   1.000160
  31         "l+ah"    1    2.224606   1.038211   3.469782
  32         "l+aw"    2    2.510311  21.946026   1.999761
  33         "l+eh"    2    2.077471  13.321339   2.001071
  34         "l+ih"    2    1.999967   5.310246   2.000459
  35       "b-ey+s"    1    4.623993  11.389457   3.970181
  36         "l+ow"    1    1.000026  11.373456   0.999721
  37      "ch-ah+w"    1    1.910338   1.194275   1.016277
  38         "l-ey"    1    4.809532   8.818546  16.227533
  39         "l-ow"    2   25.537165  12.726969  11.991874
  40       "g-ae+n"    1    1.054757  17.936281   5.313767
  41       "g-ae+t"    1    6.981865   6.152538   1.000706
  42     "ah-dh+er"    1    3.002999   6.328588   5.665880
  43        "k-s+f"    1    1.002076   2.310443  14.762134
  44        "k-s+p"    1    2.378491   3.343371   8.879894
  45        "k-s+t"    1    3.091703  10.971848   7.460378
  46      "ch-iy+v"    1   15.954955   4.294027   7.730044
  47      "jh-ah+n"    1    2.865672   4.163367   1.005226
  48      "jh-ah+t"    1    1.000130   1.007524   1.002201
  49       "g-ah+z"    1    1.000076   1.033791   1.003811
  50      "ih-s+ah"    1    1.000366  11.640667   2.010350
  51       "d-ey+l"    1   13.686223   1.002259   3.125191
  52       "d-ey+r"    1   15.263033   1.816581   2.951490
  53       "d-ey+t"    1    3.609567   6.503117   6.006016
  54      "r-uw+hh"    1    9.413196   8.404837   3.313163
  55        "th-ah"    1   15.873849   1.039209  12.663589
  56       "k-ih+p"    1   13.837000   8.797194   1.177000
  57      "er-ay+z"    1    9.539666  11.577781   0.999938
  58      "l-eh+zh"    2    2.004873  11.736058   2.066485
  59      "g-er+ih"    1    4.202814   0.999984   1.000402
  60      "iy-m+ae"    1    1.013703   2.760176   2.784749
  61      "iy-m+ey"    4    7.159760  12.050336  14.805569
  62        "n-d+z"    1    0.999963   0.999961   0.999961
  63         "d+ae"    2   18.158958   6.343426   3.340503
  64         "d+aw"    1   10.263845   2.591454   3.155008
  65         "d+ay"    6   35.409031  18.471151  10.974059
  66         "d+eh"    1   11.021142   2.985448   1.032384
  67         "d+ey"    2    3.070760   7.599751   2.122385
  68         "d+ih"    3    9.983997   9.133111  14.016418
  69      "ah-g+eh"    2    2.000101   4.552780  38.129608
  70      "aa-l+ah"    2    3.126847   6.066955   1.999814
  71       "k-aa+l"    1    3.114951  12.142185   1.054046
  72       "k-aa+m"    1    1.290585   5.466403   2.580194
  73       "k-aa+p"    1    5.021528   1.001870  10.018326
  74      "aa-l+ih"    1   15.652864   6.132309   1.029988
  75      "aa-l+iy"    1    3.971253   1.001673   0.999835
  76      "er-l+ih"    1    4.153128   1.103264   1.000009
  77      "uw-t+ao"    1    5.804282   3.195754   0.999844
  78      "uw-t+er"    6   27.787437  26.801773   8.269964
  79         "d-er"    2   19.361832  17.970388   2.130561
  80         "d-iy"    1    2.404246   5.315665   9.115751
  81       "r-uh+k"    1    8.950697   3.782897   2.996057
  82      "ae-t+ah"    1    1.000053   1.000508   1.000133
  83      "ae-t+er"    1    0.999941   0.999943   0.999945
  84       "m-ih+d"    1   11.099807   1.061475   0.999998
  85       "m-ih+n"    1    1.000513   0.999902   0.999908
  86      "l-ey+er"    1   10.780226   7.610043   1.108815
  87       "r-w+er"    1    0.999996   5.734731   1.006161
  88       "l-eh+k"    1    2.668689   4.303644   1.824853
  89      "g-ah+th"    1   10.552780   4.525851   5.147940
  90       "k-ah+l"    3    3.010771   3.000048   3.416416
  91       "k-ah+m"    5   21.241236  10.735557   6.004889
  92       "k-ah+n"    1    1.013020   6.920899   1.072809
  93       "k-ah+p"    1    9.505638   2.327477   8.072172
  94       "s-b+oy"    1    2.085649   2.446273   1.569482
  95       "l-g+er"    1    1.000036   2.798702   1.555405
  96     "eh-zh+er"    4   48.511532  32.799229  13.811838
  97       "p-uw+d"    1   12.828930   1.969872   0.999988
  98     "ey-zh+ah"    1   22.204504   4.804793   0.999956
  99      "n-ch+er"    1    1.018114   2.999539   6.900537
 100     "ey-zh+ih"    1   14.004753   1.000755   0.999900
 101       "b-y+uw"    1    3.238579   9.684488   1.070220
 102       "t-w+eh"    1    3.001307  15.933022   0.999923
 103       "t-w+ey"    1    3.702811   1.312545   2.681942
 104       "m-ae+n"    1    1.750723   7.159836   4.570994
 105       "n-eh+k"    1   12.998514   9.003068   1.001216
 106      "aa-d+iy"    1    1.001099   1.178985   1.023938
 107        "n-s+d"    1    1.001448  12.019141   1.002481
 108        "n-s+t"    1    4.366079   7.081660   1.882418
 109        "n-t+r"    1    5.754810   2.586903   1.132737
 110      "ae-l+ah"    1    2.487588   1.048589   1.001673
 111       "m-ah+n"    1    1.007091   1.613849   1.000119
 112       "m-ah+t"    1    1.005627   4.873990   4.325397
 113       "m-ah+z"    1    4.831496   1.225687   8.712159
 114       "k-ao+l"    5    8.999448  16.371542  86.712204
 115      "ah-ng+k"    1    4.937718   1.085220   0.999932
 116       "g-l+ae"    1    1.016365   6.978537   0.999923
 117      "eh-v+ah"    5   10.194647   5.000241   4.999787
 118      "iy-v+iy"    1    1.003843   0.999890   0.999890
 119      "uh-r+ih"    1    1.000000   1.000000   1.000000
 120      "l-hh+eh"    1    9.091186   1.030595   0.999907
 121         "m+eh"    3   11.993794   7.001407   8.114796
 122         "m+ey"    1    3.181378   4.849773   4.341586
 123         "m+ih"    2    7.034119   2.608579   6.232487
 124     "ah-th+ah"    1    2.058594   0.999853   2.812404
 125     "uw-ey+sh"    1   15.887280   1.825857   5.277860
 126      "ah-p+ah"    1    3.397761   3.640081   1.617761
 127      "ah-p+er"    1    2.914368   3.270654   2.496749
 128      "f-er+th"    1    6.695123   4.588205   1.394137
 129       "aw-n+d"    1    4.724539   0.999983   0.999981
 130       "aw-n+t"    1    3.743871   3.398398   1.707924
 131       "l-ey+n"    5   29.580414  44.023781  25.475342
 132       "l-ey+t"    1    9.502258   3.681970   6.417367
 133       "k-aw+n"    1   18.567604   5.050982   1.015840
 134       "s-ih+k"    5   62.560150  16.354029   5.096300
 135       "s-ih+n"    1   14.986443   6.523723   1.060950
 136       "t-uw+t"    1    0.999844   0.999844   0.999844
 137      "m-er+sh"    1   11.778506   4.631440   1.078489
 138      "ih-t+ah"    3    3.393230   5.991273   2.999852
 139      "uw-d+ah"    1    0.999988   2.065272   1.935699
 140       "r-eh+d"    1    1.006559   0.999947   0.999947
 141       "s-k+aa"    1    2.832698   1.284267   3.500064
 142       "s-k+ih"    1    3.222309   1.027612   2.114872
 143      "ae-d+ah"    1    0.999988   1.067433   1.986238
 144      "eh-n+ah"    1    0.999942   0.999937   0.999937
 145      "eh-n+ch"    1    3.333553   3.273795   0.999915
 146      "eh-n+ih"    1    1.575799   0.999963   0.999904
 147       "s-aa+f"    2   19.392511   3.106009  19.513401
 148       "s-aa+l"    1    2.998840   0.999817   1.053726
 149        "d-s+t"    1    3.615933   8.478353   3.448290
 150       "p-er+v"    1    7.319653   1.000153   1.519022
 151     "aa-hh+aa"    1    4.536615   1.021266   0.999941
 152      "ae-sh+b"    1    6.448065   8.546167   0.999847
 153      "aa-m+ah"    1    1.824423   5.543506   3.428338
 154       "s-ae+d"    1    3.783181  14.091278   5.132191
 155     "uw-hh+aa"    1    1.129278   3.405056  59.760349
 156         "th+r"    5   10.057065  12.745727  30.788252
 157       "s-ah+n"    1    4.763702   5.255963   1.000978
 158         "v+aa"    3    3.500479   3.169123   4.335744
 159         "v+ae"    1    1.002817   1.654614  19.778303
 160      "ih-l+er"    1    0.999852   1.001785   0.999844
 161      "ih-l+ey"    1    1.859979   1.000245   1.000182
 162       "b-oy+z"    1   20.988441   6.000914   0.999993
 163      "ih-l+ih"    1    3.077103   1.696590   0.999908
 164      "hh-ah+l"    1   22.910801   1.052477   1.019978
 165      "ih-l+ow"    1    1.005033   5.944688   0.999964
 166        "zh-ah"    2    4.850874   2.159525  16.493971
 167        "zh-er"    4   39.797810  17.918777  27.852568
 168      "th-r+ay"    1    6.202424   7.855096   1.079471
 169      "th-r+iy"    5   29.152433  21.108490  11.277218
 170      "k-hh+ey"    1   22.774246   1.806771   0.999980
 171       "v-eh+l"    1   17.991016   1.924073   1.065674
 172       "v-eh+n"    1    0.999950   3.992028   8.377923
 173      "v-iy+ah"    1   11.210638   1.787940   0.999890
 174       "t-er+z"    2   19.169245   5.135871   2.006632
 175       "r-ey+d"    1    1.097031   0.999935   3.200316
 176      "uw-m+ah"    1    0.999896   1.080190   2.200990
 177     "ih-dh+ah"    2    4.196214  19.199188   1.999940
 178       "s-t+aa"    2    2.445108   2.418428   2.000874
 179       "s-t+iy"    6   16.660879  16.253174  11.875834
 180       "l-y+ah"    1    0.999846   1.023684  17.649145
 181      "l-er+ey"    1    1.653846   0.999975  11.523528
 182      "l-er+iy"    1   12.020939   4.068482   1.030439
 183       "l-y+uw"    3    6.074191  16.878428  24.348665
 184        "ch+oy"    1    2.648033   4.966629   6.092333
 185     "ey-sh+ah"    6   62.254837  15.002872  18.044991
 186        "ch-er"    2   15.338127  16.635271   8.985914
 187         "n+ay"    5    5.222378  15.614701  53.742260
 188       "f-ow+n"    5   21.670748  29.732681  11.404566
 189         "n+eh"    1    1.602754   1.531482  27.864265
 190      "ih-d+ah"    1    0.999999   1.530407   2.198867
 191         "n+iy"    1    0.999998   1.378878   7.621804
 192      "ao-l+dh"    1    8.378817   2.642694   1.005375
 193       "w-ah+l"    1    1.000616   1.001779   1.000027
 194       "w-ah+n"    5   49.729008  21.728483  10.221299
 195       "t-ey+t"    1    8.413634   1.253528  14.251269
 196      "er-v+ae"    1    4.985964   0.999801   0.999784
 197      "hh-aw+t"    1    9.497945   6.500308   8.152950
 198       "n-y+ah"    1    1.000006   5.916419   1.099034
 199       "s-ay+k"    1   10.052907  10.948919   0.999933
 200       "s-ay+l"    1   19.934725   1.091487   1.000450
 201      "ih-sh+m"    1    7.416104   5.045553   1.355646
 202      "ay-k+ah"    1    2.143608   4.426663   2.418530
 203      "n-ih+th"    1    0.999904   1.636005   4.213590
 204       "b-r+ay"    2    2.000303   2.217848  10.616448
 205       "b-r+ih"    1    1.000082   1.108186   6.068643
 206       "w-iy+k"    1    5.148227   3.828033   1.004626
 207       "b-r+uh"    1    1.003168   1.255426   1.033118
 208       "b-r+uw"    1    0.999956   0.999983   1.000089
 209     "hh-aa+hh"    1   34.174145  11.139559   1.368348
 210      "d-ih+jh"    1    7.640232   4.710200   2.569510
 211      "d-ih+ng"    1    7.289693  16.646038   4.196287
 212       "y-ah+b"    1    0.999825   1.130019   1.246205
 213       "y-ah+l"    1    2.531584   1.041363   1.003119
 214       "y-ah+t"    2    1.999909   1.999911   2.002938
 215       "p-y+ah"    2    1.999880   1.999880   1.999937
 216      "uh-k+eh"    1    2.996222   1.893993   1.180473
 217      "n-iy+zh"    1    7.001679   4.115953   4.123427
 218       "p-y+uw"    5   11.003166  24.226292   6.336595
 219      "uh-k+hh"    1    1.141630   5.155710   1.120703
 220         "f+ao"    7   75.923546  41.076771  12.288014
 221         "f+ay"    5   29.753180  31.308887  28.533346
 222         "f+iy"    1   46.988117   6.778399   0.999680
 223         "f+ow"    5   42.117088  32.300915  90.072693
 224      "ay-ah+l"    5   21.770700   7.903976   8.965733
 225      "ay-ah+t"    1    1.668344   5.923954   7.408885
 226         "uh-d"    1    1.000201   2.073763   4.832021
 227      "aw-t+uw"    1    5.590588   8.884469   1.000819
 228         "w+ah"    5   40.000469  10.940476  23.335630
 229         "w+eh"    2   15.974391   2.145586   6.858335
 230         "w+iy"    1    5.999722   1.015855   1.000178
 231         "w+uh"    1   11.996702   1.002345   0.999925
 232      "ah-z+ey"    1    3.501396   1.522192   3.981471
 233       "s-d+ey"    1    0.999946   1.549286  17.634909
 234       "l-ow+n"    1    6.270967   3.744333   0.999997
 235         "w-ey"    1    9.816656   6.489763  12.040163
 236       "z-ey+b"    1    2.995813   1.000005   3.122001
 237     "ah-ch+iy"    1    3.000485   8.890355   7.110774
 238      "w-eh+dh"    3    5.009023  17.798016  27.210903
 239      "ay-t+ah"    2    9.742577   7.255879   1.999933
 240      "ay-t+ih"    1    0.999922   0.999922   0.999922
 241        "sh+ae"    1    0.999923   1.885868   1.150871
 242        "sh+ow"    1   19.111580   2.429259   4.400550
 243          "b+l"    1    1.018564   2.983098   2.874354
 244          "b+r"    5   13.406034  10.599513   7.057125
 245        "sh-ow"    1   20.662233  11.075670  10.846245
 246      "l-dh+ow"    1    2.999924   0.999972   0.999942
 247          "d-z"    2    5.541677  24.568686  13.352337
 248        "ow-er"    1    9.906325   9.086169   1.034567
 249          "g+l"    1    2.027433   2.103197   1.002380
 250      "d-ae+sh"    1    1.031416   7.297977   4.004314
 251         "uw-b"    1    1.000026   0.999967   0.999967
 252         "uw-m"    1    0.999944   0.999944   0.999944
 253         "uw-t"    1    8.868565   6.172450  14.837381
 254      "ey-r+iy"    1    1.017826   3.438755   1.362263
 255          "k+r"    4   13.193357  21.503428   7.006963
 256          "k+w"    1    3.003005   4.939220   1.040274
 257          "k+y"    4   18.882864  11.924466   7.184701
 258          "k-s"    6    9.070805  68.832207  59.474319
 259      "ay-l+ah"    1    3.956062   1.013384   0.999944
 260          "l-p"    2    3.869777   2.002330   2.000026
 261          "l-t"    1    5.590813   2.964113   4.517607
 262          "l-z"    3   16.603191  45.221779  26.727394
 263      "sh-b+ao"    1    1.002339   2.181479   2.643289
 264          "m+y"    1    3.755337   1.018704   3.296341
 265          "m-z"    1    4.480627  14.549786   4.179931
 266          "n-d"    3   20.995939   3.749025   3.319796
 267          "n-s"    1    2.990450   8.479355   5.092364
 268          "n-t"    3   12.204175  11.345072  15.161797
 269      "ih-v+eh"    1    0.999929   1.001166  37.996063
 270     "ih-jh+ah"    2    5.080732   6.145944  13.698731
 271          "p+l"    2    8.490469   6.976306  17.217613
 272          "p+r"    1    2.721170   1.962397   1.111276
 273          "p+y"    2   11.094130   8.619890  21.731499
 274       "l-r+ay"    1    1.010230   9.441545   3.503787
 275       "uw-m+y"    1    0.999971   0.999971   1.000374
 276        "ih+sh"    1   10.131148   2.722264   1.039585
 277         "eh+r"    2   13.131460  10.741922  14.993630
 278         "eh-d"    2    7.689231   1.999877   2.000240
 279         "eh-l"    1    7.826455   2.142224   6.695271
 280         "eh-r"    1    0.999894   0.999887   1.087773
 281         "eh-t"    1   16.919424   8.847496   4.961177
 282      "aw-d+er"    2    1.999781   2.672996   8.929524
 283        "m-p+l"    2   13.901164   7.080112   7.061442
 284        "m-p+y"    5   28.180700  13.898467  15.995761
 285          "r-d"    1    7.937393   0.999809   0.999809
 286          "r-t"    1    7.236734   5.909635  13.775100
 287      "eh-p+th"    1    2.946557   1.000003   0.999983
 288       "r-ow+b"    1   13.838561   4.969309   0.999875
 289        "ih-ng"    5   25.380352   8.928618  91.057182
 290      "uh-l+hh"    1    1.000079   3.994892   1.081588
 291          "s+k"    2   10.094549  11.670982  15.867445
 292          "s+t"    8   42.468498  64.572395  53.474415
 293          "s-t"    3    7.975490   8.630175  19.473520
 294        "ih-sh"    1   13.560693   5.784320   0.999793
 295        "ih-th"    1    1.167442   4.988205   1.000193
 296         "g+ae"    1    5.704722   6.443516  21.887329
 297         "g+ah"    1    4.411455   4.386608  15.973200
 298         "g+ey"    1    3.860306  11.983161   5.892207
 299         "g+ih"    1    5.019005   3.014643   1.472215
 300          "sil"   80  151.628983 5793.922363 180.977921
 301       "b-ih+k"    1   12.960730   4.992230   4.184275
 302       "b-ih+l"    1    5.070071   1.000760   1.000103
 303       "b-ih+t"    1   12.749867   1.952206   1.000178
 304        "iy-ah"    3   17.538372   9.742391  41.786842
 305       "m-n+iy"    1    0.999957   0.999957   0.999956
 306      "ih-n+iy"    1    0.999908   0.999908   0.999908
 307       "b-aa+d"    1    1.005907  15.675700   8.297691
 308       "b-aa+k"    1    1.008787  11.962155   9.507980
 309       "b-aa+l"    1    1.127132   1.021953   1.026330
 310         "er-d"    1   11.512577   1.002211   1.006539
 311         "er-z"    2   10.944295  26.440479  11.179438
 312      "ih-n+th"    1    1.000025   4.206606   1.001095
 313       "d-ih+l"    1    2.097041   1.009823   1.031682
 314       "d-ih+v"    1    0.999927   0.999927   0.999965
 315       "p-r+iy"    1    2.923827   1.719238   5.871003
 316       "b-ae+k"    1    1.080969  18.633911  11.698935
 317       "b-ae+t"    1    1.080901  18.700174   4.409704
 318      "ah-b+aa"    1    3.010830   2.000215   3.042602
 319      "ah-b+ah"    1    2.233823   2.974030   2.027859
 320      "ah-b+aw"    4   12.260365   5.677974  11.375854
 321      "ah-b+ey"    1    1.185382   1.514573   2.000443
 322      "ey-b+ow"    1    2.888117   1.912834   2.087932
 323     "er-zh+ah"    1    1.002187   1.009446  53.848213
 324       "d-aa+m"    1    1.918838   1.315571   1.687645
 325         "ey+t"    5   43.499660  52.548080  50.834007
 326       "b-ah+l"    3   19.103121  12.819779  11.926376
 327       "b-ah+n"    1    1.000161   2.083160   1.386634
 328       "b-ah+s"    1   10.035037   1.125552   2.461313
 329         "ey-d"    2   21.062128   2.000066   1.999709
 330         "ey-l"    3   15.239513   5.898257  15.176209
 331         "ey-n"    5   36.501450  27.741968  42.299690
 332         "ey-s"    1    2.284688   8.526067   5.194809
 333         "ey-t"    6   39.253151  22.950388  35.941376
 334       "k-w+ay"    1    1.277547   1.725096   4.004403
 335       "d-ae+n"    1    1.002323  11.534440   5.783633
 336      "sh-ae+m"    1    6.003813   5.318450   3.628742
 337       "b-iy+t"    1    6.299637   1.472829   1.000508
 338         "p+uw"    1    7.007065   4.118488   2.201008
 339         "p-er"    1   10.229977  10.872884   1.121497
 340       "d-ah+l"    5   13.227874   6.115747   9.563925
 341       "b-ao+r"    1    1.114687   3.856911   3.201037
 342      "sh-ah+l"    1    1.623321   1.742176   1.007510
 343      "sh-ah+n"    7   23.950369  15.287647  16.029728
 344         "p-th"    1    7.929114   7.498696   1.015273
 345       "t-r+ih"    1    4.130200   1.000628   1.000001
 346       "t-r+iy"    1    3.999559   1.000128   0.999868
 347      "jh-eh+s"    1    3.032080   5.506725   1.212022
 348       "g-eh+n"    1    1.000479   0.999877   0.999879
 349      "n-ey+sh"    1    3.274323  11.424347   3.083807
 350      "zh-ah+n"    1   30.258698   3.888566  28.487329
 351      "ae-g+ah"    1    2.026403   2.634346   1.050713
 352      "er-ey+d"    1    6.031857   5.737609   7.741108
 353       "b-aw+n"    1   15.997207   4.252638   1.019069
 354       "b-aw+t"    3   68.883690  19.054924  19.542488
 355      "ah-k+aw"    1    2.000031   3.027437   4.347846
 356      "aa-p+iy"    1    4.420114   2.952725   3.208431
 357       "f-iy+m"    1   10.758874   7.120443   1.001136
 358      "p-ah+ng"    1    1.000361   5.603407   1.455397
 359       "f-ao+r"    9   13.168195  46.089527  69.847847
 360       "b-l+ey"    1    1.000004   2.498025   1.001622
 361       "d-aw+n"    1   21.983702   7.211827   3.884980
 362       "l-ih+s"    1    2.259576   3.354738   1.019047
 363       "l-ih+t"    1   20.800642   1.983465   1.001847
 364         "y+ah"    6   36.008125  21.998543  12.574647
 365       "f-t+er"    2    9.149351   8.478209   1.999887
 366        "f-t+w"    1    1.993888   1.001650   4.002854
 367       "s-f+ao"    1   23.471722   1.434158   3.089473
 368       "k-eh+n"    5   14.842310  37.961491  34.630939
 369         "y-ah"    1    5.953136   1.048475  17.949865
 370        "s-p+l"    1    1.100096   3.999762   5.729756
 371         "y-uw"    1    1.059600   4.564849   9.458439
 372       "ey-l+z"    1   12.194265   4.092267   1.682309
 373       "ao-l+r"    1    4.356245   2.012081   1.000136
 374       "ao-l+t"    1    6.097132   3.003762   1.002275
 375       "g-ey+t"    1    1.033592   9.026224   8.007889
 376        "s-t+r"    1    3.596100   2.858872   0.999896
 377      "w-ay+ah"    1    8.156614   1.001760   3.818903
 378      "hh-uh+d"    1    0.999956   0.999956   0.999956
 379      "uw-p+ah"    1    2.402912   3.472359   1.021247
 380     "ay-jh+eh"    1    6.988338   1.008951  10.983586
 381      "uw-p+er"    1    1.701300   3.902062   3.714934
 382       "f-ay+v"    5   39.631680  35.861870   9.427183
 383       "l-ae+d"    1    1.880458   6.967760  11.021500
 384       "l-ae+n"    1    3.304512  10.785012   7.939349
 385       "m-eh+t"    1    1.054905   8.447260  11.545696
 386       "b-d+aa"    1    2.441155   3.569448   2.253793
 387       "ae-b+d"    1    5.113075   0.999891   0.999890
 388       "ao-r+d"    1    1.442686   4.559906   1.000124
 389       "ao-r+m"    1    1.000681   1.012260   1.237486
 390       "ao-r+w"    1    1.002901   3.154916   1.000719
 391       "ey-t+w"    1    1.761942   1.008463   3.269004
 392       "l-ah+n"    2    2.357231  12.078946   2.028156
 393       "l-ah+p"    1    4.035322   5.561010   5.626507
 394       "l-ah+s"    1    1.000033   1.928736   1.002260
 395       "l-ah+t"    2    4.410516  10.785273   6.963338
 396       "l-ah+v"    1    0.999863   0.999863   0.999866
 397       "l-ah+w"    1    1.003394   1.303087   1.002557
 398       "k-er+l"    1    1.000825   0.999998  19.634510
 399       "ae-d+v"    1    8.058825   1.783427   1.269922
 400       "ae-d+w"    1    1.001545   1.000046   0.999918
 401      "ah-t+ah"    2    7.340267   5.657014   2.208543
 402      "ah-t+ey"    2    9.166265   7.531786   1.999946
 403      "ey-t+ah"    2    4.046632   4.283227   1.999931
 404     "er-sh+ah"    1    5.465839   2.623715   2.422059
 405      "ah-t+ih"    1    4.756243   2.424254   0.999931
 406       "ae-f+g"    1    4.888378   5.116828   0.999896
 407      "v-er+zh"    1    1.006565   1.001549   1.033425
 408      "t-ey+sh"    1    2.772237   8.616147   6.818277
 409       "n-ah+l"    2   14.733353   2.254108   2.238165
 410       "w-uh+d"    1    0.999925   2.815432   1.184542
 411       "ae-k+y"    1    1.044864   2.892903   1.026218
 412       "r-ih+b"    1    1.000049   1.046871   1.033759
 413       "r-ih+t"    1    6.736035   3.592369   1.035393
 414       "ae-l+g"    1    1.000108   1.000143   1.000288
 415       "ae-l+y"    2    2.788614   2.513874   2.001353
 416       "s-uw+p"    1   10.896096   3.769020   3.727096
 417       "l-t+ah"    1    1.755342   2.288799   1.005450
 418       "ae-m+n"    1    1.004702  13.951872   5.014151
 419       "ae-m+p"    3    4.377478   8.699903   6.047486
 420      "iy-r+ay"    1    1.000025   5.254656   5.375211
 421       "ae-n+f"    1    1.022863   2.069417   1.008092
 422       "ae-n+s"    1    1.005411   1.960625   0.999952
 423      "eh-r+ow"    1    1.003243   1.281009   2.901292
 424      "iy-r+ow"    5    5.532668   7.328822  22.396063
 425       "n-iy+d"    1    1.000128  26.228489   1.771647
 426       "n-iy+k"    1    7.963172   4.165524   4.108466
 427         "ow-m"    1    4.995471   1.003304  50.998367
 428         "ow-n"    6   15.054580  18.513327  31.046118
 429        "ey+zh"    1   11.383848  11.546041   1.058743
 430      "ah-l+ah"    1    1.000520   1.003952   1.000689
 431      "ah-l+eh"    1    4.197609   3.001695   1.000358
 432      "ah-l+er"    1    2.545029   4.754223   1.191234
 433       "p-ah+l"    1    1.684245   1.033921   1.043734
 434      "ah-l+ih"    1    1.010069   4.989657   0.999964
 435      "ah-l+ow"    2   14.366898   5.941433   2.309770
 436       "m-ey+d"    1    1.035266  11.208239  12.315401
 437       "m-ey+l"    3   16.999907  25.821280  10.876352
 438       "m-ey+w"    1   16.712416   1.001485   1.019709
 439        "ey-er"    1   12.786372   9.956691   1.044316
 440       "y-uh+r"    1   20.333677   8.032066  12.956344
 441       "l-aw+d"    2   37.608711  15.961452   2.034467
 442         "oy-n"    1    6.001837   5.079303   3.290043
 443         "oy-s"    1    1.000754   5.888374   7.938890
 444         "oy-z"    1    1.075572  10.909819   7.016035
 445        "ey-zh"    1    5.412368  11.605727   1.121895
 446       "t-ih+l"    1    1.000578   0.999848   0.999865
 447       "t-ih+r"    1    3.197441   8.050748   2.681630
 448       "t-ih+v"    1   15.921494   7.648909   1.050044
 449       "n-t+aw"    1    5.081591   5.771297   2.227507
 450      "y-uw+ey"    1    1.671121   0.999647   0.999647
 451     "er-ih+dh"    1    1.034205   1.006465   1.024053
 452       "s-eh+v"    5   12.999138  43.908611  40.892986
 453       "p-iy+r"    1    0.999916   1.000036   0.999972
 454         "z+iy"    5   54.509628  13.191314  13.238933
 455      "hh-eh+d"    2   23.125887  12.228637  22.765205
 456      "hh-eh+l"    4   40.462128  20.793459  32.488609
 457     "th-iy+ah"    1    9.734856   3.499029   1.038161
 458       "t-aa+p"    1    4.081080  20.720581   5.659679
 459       "t-aa+r"    1    2.351007  18.959896  10.663930
 460       "r-ah+m"    2    3.218629   2.269337   2.006840
 461       "n-ay+n"    5   55.373116   5.133110  88.019882
 462      "b-ey+zh"    2   22.967337  11.753266   6.938231
 463      "sh-m+ey"    1    2.717130   1.007939   5.513807
 464       "r-iy+m"    3    7.977608   7.194004  11.990765
 465       "r-iy+v"    1    2.645488   1.068674   0.999894
 466      "ey-d+ah"    1    1.205757   1.210040   2.397876
 467       "oy-l+z"    1    4.987740   1.012251   0.999970
 468        "hh+ah"    1    1.009293   1.664481  37.422321
 469        "hh+aw"    1   10.999357   0.999844   0.999844
 470        "hh+eh"    4    5.636406  10.626502 108.961960
 471        "hh+ow"    1    0.999961   1.000065   1.310561
 472        "hh+uh"    1    1.004815   3.068468  16.894867
 473        "hh+uw"    1   25.782251   1.110340   0.999869
 474       "v-aa+k"    1   50.857246  10.821145  16.322905
 475       "v-aa+l"    3   59.840611  15.152897   7.958066
 476       "t-ah+b"    1    4.632720   3.961712   3.378143
 477       "t-ah+g"    1    1.062842   5.888540   1.001300
 478       "t-ah+l"    6   24.183668  25.181995  27.848227
 479       "t-ah+n"    4    9.242027  12.637506  10.129565
 480       "t-ah+s"    1    1.001233   3.986341   1.010630
 481      "n-ah+dh"    1   18.205673   2.731483   2.060870
 482        "l-p+l"    1    1.663174   4.784901   5.024754
 483        "hh-aa"    1    3.392107  10.028833  10.541586
 484       "ah-k+y"    1    2.975083   1.198572   2.038518
 485        "hh-uw"    1    7.135449   8.716241  12.036786
 486       "y-uw+b"    2   10.737593   7.356378   6.886109
 487       "y-uw+m"    3    3.928633   9.871751   7.127944
 488       "y-uw+p"    1    4.068539   3.901851   1.049055
 489       "y-uw+t"    6    7.898050  10.094277  11.985195
 490       "y-uw+z"    1    1.797934   2.493981   0.999944
 491       "ah-l+z"    1    3.605199   1.000163   0.999872
 492       "r-t+ih"    1    0.999848   0.999849   0.999849
 493       "ah-m+b"    2    2.117618  18.990078   2.001467
 494       "ah-m+p"    4    5.068902  14.964965   7.912986
 495       "ah-m+z"    1    1.002700  10.428534   2.979499
 496       "k-y+uh"    1    1.068998   1.434336   1.165027
 497       "k-y+uw"    5    7.772017  13.944862  29.068213
 498         "r+ay"    1    6.776041   7.274836   1.824966
 499         "r+eh"    1    5.013011   1.694678   1.000135
 500       "v-ae+l"    2   10.238645  11.777616   9.402931
 501         "r+ih"    1   10.361382   2.188517   1.000340
 502       "w-eh+l"    1    1.000244   4.958489   5.242091
 503       "w-eh+r"    1   10.132440   0.999919   0.999871
 504       "w-eh+t"    1    1.001254   0.999936   1.040733
 505       "ah-n+d"    1   10.250827   5.082611  14.820851
 506       "ah-n+s"    1    5.827123   2.706218   0.999893
 507       "ah-n+t"    4   14.873123   9.054956  10.560027
 508       "t-iy+v"    6   83.400604  43.284939  46.212681
 509         "r-iy"    5   41.420906  28.615797  65.969513
 510         "r-jh"    1    0.999991   6.964967  15.307810
 511         "r-ow"    5   47.946419  35.871971  43.215466
 512       "v-ah+n"    6    9.916801  19.739771  16.500351
 513       "t-ao+r"    1    1.019336   5.232079   8.441242
 514       "p-l+ah"    1    0.999914   1.041927   0.999846
 515       "p-l+ey"    6    9.410666  11.177255  11.834027
 516      "k-ch+ah"    1    1.146924   3.345969   5.978570
 517      "k-ch+er"    1    1.000391   0.999932   0.999932
 518       "eh-d+z"    1    1.951960   1.000402   0.999951
 519       "z-ih+k"    1   13.829551  10.339522   3.721076
 520      "hh-ey+v"    1    1.000214   0.999979   0.999979
 521       "ah-s+b"    1    3.107283   3.499847   6.912349
 522      "d-ay+ah"    5   25.976904  10.937349  66.001152
 523       "m-y+ah"    1    0.999971   1.000822   5.213753
 524      "d-ay+jh"    1    0.999993   1.000336   1.000034
 525       "r-ay+t"    7   66.123222  65.329529  19.379477
 526      "ch-oy+s"    1   22.941675   4.999944   3.999491
 527       "m-y+uw"    1    1.009820  13.093690   7.526575
 528      "ng-k+ch"    1    3.969607   1.034426   2.994948
 529       "n-d+ih"    1    1.002700   1.825621   1.157588
 530       "w-er+d"    1    9.309159   5.743186   1.290658
 531       "t-aw+n"    1   12.878521   7.032436   1.752280
 532       "eh-k+s"    1    0.999987   1.000090   9.411395
 533     "zh-ih+ng"    1    3.593132   1.067116   1.001402
 534       "d-v+eh"    1    1.000009   0.999924   0.999924
 535      "l-ow+er"    1   23.617500   0.999691   0.999691
 536       "eh-l+m"    1    2.892541   1.001361   0.999875
 537       "eh-l+p"    3   14.450511  14.513002  14.170053
 538       "eh-l+t"    1    3.598688   6.517094   3.065864
 539      "ah-m+er"    1    1.000005   8.628453   3.405804
 540      "aa-r+th"    1    1.000599   1.835639   1.095020
 541      "uw-z+ih"    1    1.995960   1.002418   1.001153
 542       "eh-n+d"    3   20.414577   6.539558   6.967512
 543       "eh-n+s"    1    1.054529   1.001631   0.999877
 544       "eh-n+y"    1    0.999916   0.999883   0.999882
 545      "t-er+ay"    1    5.598341   0.999994   7.076419
 546      "t-er+ey"    1    1.001051   0.999987   1.357359
 547       "ih-b+y"    1    7.917711   0.999953   0.999937
 548       "eh-r+p"    1    2.116265   6.655494   1.027956
 549       "eh-s+t"    1    4.537168   6.960089   3.231162
 550     "ah-hh+eh"    1    1.000822   2.410348  35.002125
 551       "ih-f+t"    1    1.000576   1.975642   0.999924
 552       "l-m+ah"    1    0.999878   1.011426   1.156209
 553       "z-iy+r"    5   33.476467  18.220337   6.036249
 554      "iy-k+ah"    1    1.088106   1.806805   4.134852
 555      "iy-k+eh"    1    1.291593   1.038025   2.670729
 556      "eh-k+sh"    1    0.999978   1.003062   8.645708
 557      "ow-b+ih"    1    0.999875   2.211558   2.012202
 558         "b+aa"    1    6.000662   1.998154   1.999891
 559         "b+ae"    2   10.296638   3.396817   3.521996
 560         "b+ah"    1    6.028852   1.300557   2.767463
 561         "b+eh"    2   14.785068   3.999636   2.551543
 562         "b+ey"    2   19.372419   3.899185  12.414122
 563         "b+ih"    2    6.501637   5.792722   3.307164
 564         "b+iy"    1    7.362165   2.853482   1.143455
 565         "b+uh"    2    7.786612   6.255197   3.763523
 566         "b+uw"    1   10.177551   2.843649   3.921110
 567      "l-ih+jh"    1    1.001048   1.000099   1.001418
 568      "l-ih+ng"    2   15.246138  19.183262   7.743495
 569      "l-ih+sh"    1    4.966853   4.618459   1.010237
 570       "ih-k+s"    6    6.018092   8.992886   7.210973
 571       "k-oy+l"    1   16.006983   1.000070   1.998719
 572       "k-oy+n"    1   17.915798   2.091434   0.999985
 573     "eh-dh+er"    4   10.684878  13.714149  28.870546
 574         "b-ah"    1    8.372232   1.006403  15.618303
 575        "er-th"    1    9.024607  12.350607   1.000183
 576         "b-ow"    1   17.812981   6.332693   7.839885
 577       "ih-n+f"    1    4.972202   2.011463   0.999737
 578       "aa-f+t"    2    2.191554   3.155355   1.999928
 579         "s+aa"    3   21.557362  12.236474  10.035810
 580         "s+ae"    1    6.847083   7.327438   2.073297
 581         "s+ay"    2   11.644398  19.787409   6.118921
 582      "k-sh+ah"    1   10.262836   2.028095   3.060482
 583         "s+eh"    5   23.223804  39.997089  11.000937
 584         "s+ih"    6   27.696178  65.161011  16.156937
 585      "l-iy+ah"    1   10.879588   4.103858   1.025047
 586         "s+uw"    1    8.104836   5.761870   4.410444
 587      "iy-ah+l"    1    3.012974   1.509520   1.005975
 588      "iy-ah+s"    1    0.999890   0.999890   0.999890
 589      "ah-v+aa"    1    0.999881   1.001794  85.991325
 590      "ah-v+er"    1    1.002106   1.092165   1.022679
 591      "ey-v+ah"    1    0.999980   0.999979   0.999979
 592        "ah+ch"    1    6.083404   6.589994   1.300327
 593        "ah+hh"    1    0.999843   0.999843   0.999854
 594       "b-uh+k"    1    3.952166   3.010966   3.988934
 595       "b-uh+l"    1    6.981979   1.984872   1.000213
 596      "g-eh+dh"    1    1.008201   7.685353   6.218339
 597       "aa-k+s"    2    4.874897   2.770634   2.249434
 598        "ah-ng"    6   10.461742  13.714579  50.943508
 599       "aa-l+y"    2    2.608807   2.031808   1.999769
 600       "aa-m+b"    1    1.239819   6.690318   1.000654
 601        "r-p+l"    1    7.330174   3.999315   6.765291
 602         "ih+k"    1    2.982427   1.025298   5.919333
 603         "ih+l"    1    0.999957   3.004475   6.572471
 604         "ih+n"    1   10.021908   1.003183   1.000333
 605         "ih-k"    2    2.001676   2.001691   2.001716
 606         "ih-p"    1    2.138694   0.999932   0.999932
 607         "ih-v"    1    1.105729   1.115907   2.816307
 608      "eh-t+ah"    1    3.380202   3.532474   0.999953
 609      "iy-t+ah"    1    0.999940   1.001441   1.006123
 610       "aa-r+t"    2   10.033941   2.254361  17.213354
 611       "r-m+ey"    1    2.589970   6.140398   3.871145
 612       "k-r+ah"    1    1.009676   1.778830  10.768415
 613       "k-r+ay"    1    4.292418   1.000032   0.999922
 614       "k-r+ey"    1    1.040778   4.655277  16.208389
 615       "k-r+iy"    1    1.646595   6.479730   2.869459
 616       "d-w+eh"    1    6.373668   2.905278   3.346120
 617         "k+aa"    2    4.922396   5.520585   4.294493
 618         "k+ah"    8   14.326142  23.781199  21.796587
 619         "k+ao"    5   11.961300  20.999611   6.998596
 620         "k+eh"    3   13.965428   6.938411   5.083332
 621         "k+er"    1    6.016988   1.529312   5.343981
 622         "k+oy"    2    4.522995   6.444093  10.068228
 623      "ah-n+ah"    2    3.411318   1.999778   1.999776
 624      "ah-n+ey"    1    3.815984   1.012079   0.999929
 625     "iy-zh+ah"    1   16.728136   3.032526   0.999960
 626      "n-th+iy"    1    2.220582   1.000997   2.761739
 627         "aa+l"    1    4.985947   0.999911   2.005385
 628         "aa+r"    2   10.181367  18.639174  12.818962
 629         "aa-l"    1    1.225699   4.504478  10.300347
 630         "aa-p"    1    1.752662   0.999875   1.001523
 631       "b-uw+t"    1   12.917809   3.132065   1.000100
 632         "ae+b"    2   11.974758   5.100975  15.728340
 633         "ae+d"    1    4.921177   2.146803   7.700238
 634         "ae+f"    1    4.999536  10.008444   7.983669
 635         "ae+g"    1    4.999371   0.999873   4.999154
 636         "ae+k"    2   13.063103  14.812682  22.579086
 637         "ae+l"    2   10.513105  24.380867   9.786330
 638         "ae+m"    3   18.054922  16.106670  11.791371
 639         "ae-k"    1    4.391273   1.192740  11.328387
 640         "ae-n"    2    9.253203   8.096989  10.479484
 641      "ih-r+iy"    1    4.081041   1.227128  18.479887
 642      "uw-b+ah"    1    0.999995   1.002035   3.011494
 643     "er-ey+sh"    1    4.092027   7.730102   4.494830
 644      "r-ih+dh"    1    2.061924   8.549294   4.369751
 645      "ae-b+ah"    1    1.969128   1.100306   2.995160
 646      "r-ih+ng"    1    1.000000   2.360011   7.709157
 647         "ah+b"    5   28.097265  17.038460  11.732808
 648         "ah+g"    1    0.999875   0.999875   0.999875
 649         "ah+k"    2   40.892303  10.461038   6.562343
 650         "ah+n"    2   27.571045   4.493489   3.383122
 651         "ah+p"    1   15.019794   2.006995   8.906564
 652         "ah+v"    1    1.090947   1.042894  14.772833
 653         "ah-l"   23  141.888855  75.978958 156.014420
 654         "ah-m"    1    1.011342   6.162892   2.035439
 655         "ah-n"   23  113.982216 119.481308 209.730469
 656         "ah-p"    1   11.128587   0.999821   0.999813
 657         "ah-s"    3   13.878745  36.040081  22.630756
 658         "ah-t"    2    9.864314   6.203778   6.229938
 659         "ah-z"    1    7.267107  11.669831   5.353542
 660      "eh-l+ah"    1    5.481909   5.397284   0.999942
 661      "hh-ow+m"    1    0.999958   0.999958   1.308042
 662      "dh-ah+m"    2    1.999939   2.742087   2.057006
 663        "dh-er"    5   10.717957  30.584032  14.293778
 664        "dh-ow"    1   11.165874   8.071838   4.657881
 665         "iy+m"    1   13.997167   5.985211   1.000069
 666       "b-eh+l"    1    1.006856   7.151520  12.123677
 667       "b-eh+n"    1    1.000172  10.145796   4.890106
 668         "iy-m"    1    0.999905   0.999862   1.000081
 669         "iy-v"    7   18.172150  23.520247  37.465141
 670       "r-th+r"    1    1.002147   0.999991   7.631650
 671      "r-iy+ah"    2    7.042630   9.944236   2.035352
 672         "ao+l"    3   14.050431   4.960215  33.853413
 673         "ao-l"    5   30.883755  22.793736  28.271233
 674         "ao-r"    5   15.429435  30.919285  33.786102
 675       "uh-d+s"    1    0.999926   0.999925   0.999926
 676      "m-eh+zh"    2    4.279207   6.933790   2.027133
